{
    "accuracy": 0.688,
    "precision": 0.660377358490566,
    "recall": 0.625,
    "auc": 0.7432712215320912
}